-1.7752
-0.17752
0
0
0
0
0
0
0
0
0
0
0
0
0
0
0
0
0
0
0
0
0
0
0
0
0
0
0
0
0
0
0
0
0
0
0
0
0
0
0
0
0
0
0
0
0
0
0
0
0
0
0
0
0
0
0
0
0
0
0
0
0
0
0
0
0
0
0
0
0
0
0
0
0
0
0
0
0
0
0
0
0
0
0
0
0
0
0
0
0
0
0
0
0
0
0
0
0
0
0
0
0
0
0
0
0
0
0
0
0
0
0
0
0
0
0
0
0
0
0
0
0
0
0
0
0
0
0
0
0
0
0
0
0
0
0
0
0
0
0
0
0
0
0
0
0
0
0
0
0
0
0
0
0
0
0
0
0
0
0
0
0
0
0
0
0
0
0
0
0
0
0
0
0
0
0
0
0
0
0
0
0
0
0
0
0
0
0
0
0
0
0
0
0
0
0
0
0
0
0
0
0
0
0
0
0
0
0
0
0
0
0
0
0
0
0
0
0
0
0
0
0
0
0
0
0
0
0
0
0
0
0
0
0
0
0
0
0
0
0
0
0
0
0
0
0
0
0
0
0
0
0
0
0
0
0
0
0
0
0
0
0
0
0
0
0
0
0
0
0
0
0
0
0
0
0
0
0
0
0
0
0
0
0
0
0
0
0
0
0
0
0
0
0
0
0
0
0
0
0
0
0
0
0
0
0
0
0
0
0
0
0
0
0
0
0
0
0
0
0
0
0
0
0
0
0
0
0
0
0
0
0
0
0
0
0
0
0
0
0
0
0
0
0
0
0
0
0
0
0
0
0
0
0
0
0
0
0
0
0
0
0
0
0
0
0
0
0
0
0
0
0
0
0
0
0
0
0
0
0
0
0
0
0
0
0
0
0
0
0
0
-0.13182
-0.0087882
-0.087882
-0.12303
-0.079094
-0.11425
-0.035153
-0.12303
-0.12303
-0.16698
-0.043941
-0.061517
-0.061517
-0.061517
-0.070306
-0.10546
-0.087882
-0.11425
-0.017576
-0.15819
-0.0087882
0
0
0
0
0
0
0
0
0
0
0
0
0
0
0
0
-3.7192
-0.001875
-3.5595
-0
-0.0003125
-0.0087882
-1.4237
-0.36032
-3.7192
-3.5591
-3.5502
0.0005625
-0.063637
-0.0068125
-5.3594e-05
-6.8933e-05
-4.1146e-05
-1.3786e-05
-0.00010991
-0.00034969
-2.9013e-06
-0.050438
-0.16621
-0.023438
-0.00025
-0.0001875
-0.0001875
-0.010125
-0.0005625
-0.000125
-0.44144
-0.021312
-0.004375
-0.001625
-0.0001875
-0
0.042138
0.034414
0.034262
0.045268
36.234
